pk_id,id_own_org
14582097882763518273,10545511425556317340
14582097882764361426,10545511425556317340
14582097882764743254,10545511425556317340
14582097882764808786,10545511425556317340
14582097882766225529,10545511425556317340
14582097882766225962,10545511425556317340
14582097882766226392,10545511425556317340
14582097882768008417,10546443563661237356
14582097882771090655,10546443563704418920
14582097882785527888,10546443563808005927
14582097882790413866,10546443563808005927
14582097882791546065,10545511425556317340
14582097882794293581,10545511425556317340
14582097882803483255,10545511425556317340
14582097882807037910,10545511425556317340
14582097882809339962,10545511425561071542
14582097882809765667,10545511425556317340
14582097882809767256,10545511425556317340
14582097882809768118,10545511425556317340
14582097882811539673,10545511425556317340
14582097882812654998,10546443563661237356
14582097882813108461,10546443563747912030
14582097882814327624,10545511425556317340
14582097882815287354,10545511425556317340
14582097882815514392,10546443563797675545
14582097882815560157,10546443563704418920
14582097882815756986,10545511425556317340
14582097882820070296,10545511425556317340
15342935603150901298,10546443563709127408
15345489993061687349,10546172455230192013
15345721718928887807,10546443563747912030
15346181733217263669,10546443563747912030
15347362960200749107,10546443563957342650
15347364882018258967,10546443563957342650
15350425700163178497,10546443563661237356
15350826676581884000,10546443563880188250
15351909338901962848,10546443563880188250
15352682710464258127,10545511425556317340
15356644881237860448,10546443563740246427
15357405571011629091,10546443563709136300
15357780199638884381,10907434497381905958
15359127978181185621,10546443563747912030
15359525903872876570,10546443563709127408
15359854690200248361,10546443563966369017
15359854938876338244,10546443563966369017
15359887044335685672,10546443563748233243
15360268041317306409,10546172455172810058
15360590307628474432,10546443563649843694
15360691621637185592,10546443563649843694
15361747304721731625,10546443563709127408
15362850746907287620,10546443563807881936
15363140268517810228,10546443563880188250
15363511576367783988,10546172455172810058
15363930442822639678,10546443563812175575
15364601247332098076,10691192243951869113
15364966528554426377,10546443563740246427
15365310367924281420,10545511425556317340
15365312471711670349,10691192243951869113
15366019371176615976,10546172455186938119
15366020445144932431,10545511425556317340
15366038986728460297,10546443563834620333
15366041783322599435,10545511425556317340
15366449448859258939,10546443563834620333
15366450188445077538,10545511425556317340
15366474219818901598,10545511425556317340
15366871881466564655,10546443563649843694
15367854980451065861,10691192243901380541
15368200553402261529,10546172455158689121
15368224472272265262,10546172455169997961
15368243171586789434,10545511425556317340
15368269743656067073,10545511425556317340
15368270780492206164,10545511425556317340
15368275149182787677,10545511425556317340
15368307965597634606,10545511425556317340
15368552548822732820,10545511425556317340
15368610879671164974,10546443563834620333
15368660914731536396,10546443563781301555
15368661379514949654,10545511425556317340
15368661407033774137,10546172455150439270
15368666108668207161,10546443563759389961
15368912960613310513,10546443563827515924
15368937337866211421,10546172455172810058
15368995951461064793,10545511425556317340
15369006266584191066,10545511425556317340
15369007402716291142,10545724654283132871
15369270632827113517,10546443563834620333
15369282022715482162,10546443563667803039
15369287733738524753,10545360219000179937
15369313038062637098,10545511425561071468
15369328673333235712,10907434497411062909
15369377657443635288,10546172455172810058
15369379882752598041,10546172455172810058
15369708392465616964,10545511425556317340
15369721132764684288,10546172455171890636
15370012841914458135,10546443563703528350
15370090916534603830,10545511425556317340
15370142973660553303,10546050787347118047
15370449246788575287,10691192243901380541
15370457354185269341,10546443563692258283
15370783454312583251,10907434497368054887
15370789076991004699,10546443563834620333
15370791028541935621,10546443563911679092
15370791153792241696,10546443563911679092
15370791232590635098,10546443563911679092
15370791674762551308,10546443563911679092
15370791916308320307,10546443563911679092
15370795877341909080,10546443563911679092
15370796334110003271,10546443563834620333
15370805124607823930,10546172455165407389
15370817175405252681,10907434497448008499
15370835776451432470,10545461672704547216
15370836399360102480,10546172455201046153
15370836540414550090,10546172455201046153
15371086879365582928,10546443563911679092
15371088273606762546,10546443563911679092
15371093427928223747,10546443563710671640
15371119947287679022,10546172455231187969
15371125562626068482,10545511425556317340
15371127239592693812,10546172455201046153
15371136730891604034,10546443563661237356
15371170759380623370,10545461672704547216
15371194225823633452,10546443563711682309
15371219129692381226,10546172455230192013
15371434281482117209,10545724654290198141
15371436559572197460,10545724654290198141
15371457423546048528,10546443563692258283
15371467899352965206,10546443563967858836
15371480286483243017,10546172455230657690
15371491750690480187,10546443563799772137
15371499360277815326,10546172455165730907
15371504663224442970,10546172455175291597
15371509612201168982,10907434497411062909
15371529425803857973,10545724654290198141
15371531607760490555,10546443563799772137
15371534577977839649,10907434497391783668
15371534594167853105,10546443563799772137
15371548797758922786,10546172455152379564
15371552096511905854,10546443563802055015
15371552204808839199,10545461672704872675
15371555477661999163,10546172455171944653
15371555615184838748,10546172455171944653
15371561864660049938,10545724654290198141
15371568621159505981,10546172455168836324
15371568690906583076,10907434497382431669
15371573602554011686,10545724654283269505
15371579573292552261,10546443563922606250
15371601327624867866,10545724654302717179
15371632657976840197,10546443563714122199
15371636601302081539,10545055917999668908
15371636950112985104,10546443563674358804
15371639586434371654,10546443563864306384
15371640659425419341,10545724654297153764
15371642253860720655,10545511425559720956
15371642958285688929,10546443563880993145
15371643126804439136,10545724654297153764
15371644500954898502,10545724654297153764
15371644952924704794,10546443563731750404
15371644988249137233,10545724654297153764
15371648163488260163,10545724654277447605
15371649264308506646,10691192243909690608
15371649271300415548,10691192243909690608
15371649944079360092,10907434497472870847
15371650362100469799,10545724654277447605
15371655441373257826,10545724654297153764
15371655794575593552,10907434497472870847
15371656336240595003,10546172455192081735
15371659158013141036,10545724654297153764
15371671901839614001,10545724654297153764
15371673370995249223,10546443563807378579
15371682638809063476,10907434497298300357
15371686275442593865,10545724654297153764
15371789848193065003,10546443563687465487
15371792371838668836,10546443563789106759
15371793350306881618,10546443563741379559
15371793711818133511,10545724654287892555
15371793972678676562,10545724654287892555
15371794128778088545,10545724654287892555
15371794289042448434,10545724654287892555
15371794862911315986,10546443563903646356
15371794900722966621,10546443563741379559
15371795461425909796,10691192243945853618
15371795904298274829,10907434497371354758
15371796097190121498,10907434497371354758
15371796837920989256,10546172455172752631
15371797079722610690,10546172455169481770
15371797345930895432,10546443563903347262
15371798712800043039,10907434497379700859
15371798780278001688,10546443563727745876
15371799149087346736,10546172455207840866
15371799316997918751,10546443563912039927
15371799599345885277,10546443563912039927
15371800018021306465,10546443563683544975
15371800258879213580,10546443563734522437
15371800482561450033,10546172455166077528
15371800842944434231,10546443563699909334
15371801214085816326,10907434497486240354
15371801451248541728,10545724654287892555
15371801508710506582,10907434497344630000
15371801834196881433,10546443563667385186
15371802035783524408,10907434497324516272
15371802658994184201,10907434497303656615
15371802669890986060,10907434497486240354
15371802933419106340,10546443563876136095
15371802994014212191,10546172455229392113
15371803000456667152,10545724654292003561
15371803250374271009,10546443563668560422
15371803272994152524,10546172455158440503
15371803810942996573,10546172455188051083
15371803983899316237,10907434497411062909
15371804254406758478,10546443563796240429
15371804324099313728,10546172455150439452
15371804556925128756,10546443563800868247
15371804872680722520,10907434497324516272
15371805056374464564,10907434497429383867
15371806297242525780,10545511425554539758
15371806358424838212,10545055917999703333
15371806465887100969,10546443563881042965
15371806487387099232,10546443563877908433
15371806732233789504,10545724654280278694
15371806758393663532,10546443563922500676
15371807618779631682,10691192243933350656
15371807911487524939,10546443563994816513
15371808100109570073,10546172455176164830
15371808109089579072,10546443563982307769
15371808301050286093,10546443563694730479
15371808311477329963,10546443563925735040
15371808317504540706,10546443563807904051
15371808361167245342,10546443563674203997
15371808522392100962,10546443563687474958
15371808689614807064,10546443563675783876
15371808873769918481,10545724654302717179
15371808879495139406,10545724654287892555
15371809277131939910,10907434497327254423
15371809389883220011,10546443563922238960
15371809612835639358,10546443563922238960
15371809638492196962,10546443563965491626
15371809862879076409,10546443563778425238
15371810022782718033,10546443564054053138
15371810066688692305,10545724654290402586
15371810240907497563,10545724654280546466
15371810572249128960,10546443563922238960
15371810617249812552,10546443563775326185
15371810633313996811,10907434497428138767
15371810728994463744,10546443563660982274
15371810753573085245,10546172455166282238
15371810844836945981,10907434497428138767
15371811300862648321,10546443563732917786
15371811404516479015,10907434497331462782
15371811539203973128,10907434497331462782
15371811593058836538,10545511425556317340
15371811693822795788,10546172455194286120
15371811752333332539,10907434497459227614
15371811888702738505,10546443563710703319
15371811969912856579,10907434497428138767
15371812077492559920,10546050787359806780
15371812259537932332,10691192243912769589
15371812332225220691,10907434497382431669
15371812338067886081,10546172455165507935
15371812677189951547,10907434497483823738
15371812748174348298,10545724654281373534
15371812761453518881,10546443563823751392
15371812855464648733,10546443563767462597
15371812981021138968,10546443563659393388
15371813018887311412,10907434497299874308
15371813304167096323,10545435426612135079
15371813342402371655,10546443563806894530
15371813558673264679,10546443563881042965
15371813597629964322,10546443563771288154
15371813625094266968,10546443563982307769
15371813768665292800,10546443563663577621
15371813796028928028,10546050787360553013
15371813800659439636,10546443563903646356
15371813950077325357,10546443563747912030
15371813959346737189,10546443563891795410
15371814062337876049,10546172455186938119
15371814070554513496,10546443563663577621
15371814218588282885,10546050787358814572
15371814287026741322,10546443563730984387
15371814749587169353,10546443563907400701
15371814829086003222,10546443563652503509
15371814833045430276,10546443563682526554
15371814841069133902,10546443563922543390
15371814922174386193,10546050787360553013
15371814927048167436,10545055918000198357
15371814977358848038,10546443563922238960
15371815017758384139,10546443563881042965
15371815202160959521,10546443563783935332
15371815362425315350,10546050787359806780
15371815572673187906,10546443563823096632
15371815701140529173,10546443563652503509
15371815774456963086,10907434497438544993
15371815780907798614,10691192243911719873
15371815954476486750,10691192243941503778
15371815972780433479,10546443563652503509
15371816005785411650,10546050787360553013
15371816042028392479,10546172455200344344
15371816050937094237,10545724654279324361
15371816110185828380,10546050787360737611
15371816194269040688,10546443563663577621
15371816195317616709,10907434497384931134
15371816210668769309,10545724654279324361
15371816299172778071,10546050787360553543
15371816327027154957,10546443563783935332
15371816540173291557,10546443563799772137
15371816555910324321,10546443563663577621
15371816679478714427,10546172455171078574
15371816734784802861,10691192243912213415
15371817278777643016,10546443563910639923
15371817428241670196,10907434497461123301
15371817582814351417,10546443563939926416
15371817882174410822,10545724654273676508
15371817902583894088,10691192243949388896
15371817910506938436,10546172455184876691
15371817942501085198,10907434497446861907
15371817953007816735,10546172455169778886
15371817980174327815,10545511425563140988
15371818175268179985,10545055918000198357
15371818223762722891,10545724654281461644
15371818404159737939,10907434497384931134
15371818443267428444,10546443563663577621
15371818472136826910,10691192243929739828
15371818606308417575,10546443563812230743
15371818669181030454,10546443563828195458
15371818700097245269,10545724654279324361
15371818729323159644,10545055918000198357
15371818737669824560,10546172455153961033
15371818759933190191,10907434497384931134
15371818769106133003,10546172455215886809
15371818776504885323,10546443563748086266
15371818903634239528,10907434497341571632
15371818924882579459,10546443564040156026
15371818961805041699,10546443563724403247
15371819213777854510,10546443563692258283
15371819248645103653,10546172455215886809
15371819390496464932,10546443563710307012
15371819497149222931,10546172455175571225
15371819708483424300,10907434497480680877
15371819744105648151,10546443563710482759
15371819999811395610,10546172455233079669
15371820049543254069,10546172455171800326
15371820069436837903,10546443563783935332
15371820114815016981,10545461672704872675
15371820470504574994,10546172455207832715
15371820515702394922,10907434497330975552
15371820577715183711,10907434497341130633
15371820737161650271,10545360219000179937
15371820904891863043,10546443563925735040
15371820990535356434,10545724654282163838
15371821108256890890,10545724654282163838
15371821244051673184,10691192243933413092
15371821451678113807,10546443563844968664
15371821493541458010,10546443563774943634
15371821551578046525,10907434497304317812
15371821654120386620,10546443563804317047
15371821826124599333,10907434497477818588
15371821899160014877,10546172455175293476
15371822432725819476,10546443563749186729
15371822557279866931,10546443563783935332
15371822698644688911,10546172455175571225
15371822809235906588,10546172455197933858
15371822964286738445,10546443563911987282
15371822990836686853,10546172455193211678
15371823120268709979,10546443563910160347
15371823122428776477,10546443563715560420
15371823219904405560,10545724654285430464
15371823394781712429,10546443563823751392
15371823692107538431,10546443563670769056
15371823823435391048,10907434497422270467
15371824037017739281,10907434497422270467
15371824060153516115,10546443563855264261
15371824123990827064,10546443563911987282
15371824423116005443,10546172455165507935
15371824454367760476,10545055918000201479
15371824468301238294,10546443563729797620
15371824484931653717,10691192243949388896
15371824507543150612,10546172455188051083
15371824671121002574,10546443563719160271
15371824977070317636,10546443563874053784
15371825011409084473,10546172455183659597
15371825015750189089,10545461672704872675
15371825090513657939,10545055918000201479
15371825095429378050,10546443563782632070
15371825128895733822,10546443563861229119
15371825304175697946,10907434497424258564
15371825407510761486,10691192243904517860
15371825494374801423,10546443563823751392
15371825560896458782,10546443563912596927
15371825609974009946,10546172455193180584
15371825649794732094,10546443563836076908
15371825668455194664,10546443563823751392
15371825681453338718,10546443563912596927
15371825865642004525,10546443563782632070
15371825910663667719,10546443563982307769
15371826034013950040,10907434497328345245
15371826128142520320,10546443563782632070
15371826210749337658,10546172455193165047
15371826218039038044,10907434497418953638
15371826274590838861,10546443563660145521
15371826280341233738,10546172455195629911
15371826366085386261,10546443563846801071
15371826428244971589,10691192243904517860
15371826604892278812,10546443563703204799
15371826726405464137,10545724654295852205
15371826736194969601,10546172455169778886
15371826755664924723,10546443563726731114
15371826764774953019,10545724654297057784
15371827052734898228,10907434497404955057
15371827062264356882,10546443563694233848
15371827176135512129,10907434497357371109
15371827253621084177,10907434497324516272
15371827327071735815,10546172455175393126
15371827378888171607,10546172455189081679
15371827509377159219,10546443563795342899
15371827509549125691,10546172455188051083
15371827638234570844,10546172455189081679
15371827750637723742,10546172455233738061
15371827849921089544,10545724654277654689
15371827873287561283,10546443563710543908
15371827979919351892,10546050787360828182
15371828261625585761,10546172455171730015
15371828306684993561,10907434497328345245
15371828335709573204,10545724654280546466
15371828365568823352,10546443564020691230
15371828408581410817,10546443563736742724
15371828535882731549,10907434497318845320
15371828561614786570,10546050787360551044
15371828817958068312,10545724654281461644
15371828819476402188,10691192243937320707
15371829163694542915,10546050787360828182
15371829360583565374,10545724654281461644
15371829459694968921,10545724654297057784
15371829513088458840,10546172455172752631
15371829563218780198,10546172455195629911
15371829711881687101,10546443563823115684
15371829866114633736,10546050787360553013
15371830090149191778,10907434497378053179
15371830107555553297,10546172455175293476
15371830309079273532,10546172455210724782
15371830350875516951,10546443563826214340
15371830374124544011,10545511425562469514
15371830377064751163,10907434497385919195
15371830457834459146,10545724654273676508
15371830518878363739,10546443563687923230
15371830555914068018,10907434497480538039
15371830598767267863,10691192243962934471
15371830688969969684,10546172455175293476
15371830853579628591,10907434497425279474
15371830940347191393,10907434497371354758
15371831131062198331,10907434497483823738
15371831209030111252,10546443563956216493
15371831365959999532,10546443563711679907
15371831757657657380,10546443563995102103
15371831819196489773,10907434497435808390
15371831887987265589,10546443563745824546
15371831903657189452,10546443563976211245
15371831932744683613,10546443563992941670
15371832070179442780,10907434497480680877
15371832080921055293,10907434497417972272
15371832616034553887,10546050787360828182
15371832701157953575,10546172455200344344
15371832846222155789,10546443564008290943
15371833022882041890,10546172455153961033
15371833069958909980,10546172455207020765
15371833131866837045,10546443563976211245
15371833188414447648,10907434497483823738
15371833219167080527,10546172455170793243
15371833387107016705,10546443564008290943
15371833551595036742,10546443563687923230
15371833608960528473,10546443563767885892
15371833735343300660,10691192243901919193
15371834222062915590,10546443563875510618
15371834259807457286,10546443563767885892
15371834264463134755,10907434497430726425
15371834290862088223,10546443563823858584
15371834341160177744,10546443563829364883
15371834342678519851,10546443563912596927
15371834430301724706,10546172455188051083
15371834518860255239,10546443563920949564
15371834724767031352,10546172455160942053
15371834753112133664,10545055918000012229
15371834880094691395,10691192243950495081
15371834890257485868,10546172455171916285
15371834896150482956,10907434497340532499
15371834898100838466,10546443563874542746
15371834939100160085,10907434497430726425
15371835034172444758,10546443563807877186
15371835045924884550,10546172455150440911
15371835068846759956,10907434497331462782
15371835120654798895,10907434497302534273
15371835196777222166,10546050787360546696
15371835573786435590,10546443563902916795
15371835640010297393,10546172455171800326
15371835695161204776,10546050787360828182
15371835756322541569,10546443563669109571
15371835955820421148,10545724654280546466
15371836021469667381,10546443564026274331
15371836081150418947,10545724654283030221
15371836105036980284,10546443563687923230
15371836138717241376,10691192243901077365
15371836260863762495,10546443563909411560
15371836289645076527,10546443563910160347
15371836597733478439,10546172455166741106
15371836770408779781,10546443563806550177
15371836777392300082,10546443563984858898
15371837057571807288,10546443563906139200
15371837086076293188,10546443563710543908
15371837325550084141,10546443563667042921
15371837330499358790,10691192243954876986
15371837357732974683,10546443563974848012
15371837370743705698,10691192243950495081
15371837435608621153,10546172455175293476
15371837548598972438,10546172455213265254
15371837727460876381,10545055918000198357
15371837906368913498,10545724654283132871
15371838175387377671,10546443563687923230
15371838177400643654,10691192243911719873
15371838194400153657,10545724654283030221
15371838195067052064,10546443563709984915
15371838307038187596,10691192243950495081
15371838506078883841,10545724654280546466
15371838514979196963,10691192243947194927
15371838525079081002,10545724654281887519
15371839037715304453,10546443563816524769
15371839652440891420,10545724654290394661
15371839746615595037,10907434497304935500
15371839848625266756,10546443563891795410
15371839855520702505,10546443563674429971
15371840119363391527,10546443563736566142
15371840201039073334,10546443563687923230
15371840424503201836,10546172455189081679
15371840435169316918,10546050787360553013
15371840442433851490,10546172455186371850
15371840478492286984,10546443563660123193
15371840495009456135,10546172455185225307
15371840580405481539,10546443563736566142
15371840784051523624,10546443563805690716
15371840875449606231,10546172455185225307
15371840954243801095,10546443563672958132
15371840998384656414,10691192243929739828
15371841147152420960,10691192243933346253
15371841463390359556,10546443563702774381
15371841486920409160,10546443563805415445
15371841573436313668,10545724654280546466
15371841614620184582,10691192243933350656
15371841706500608079,10907434497340532499
15371841721348448278,10546443563875349124
15371841822196289622,10907434497307408289
15371842165357465621,10546443563754297618
15371842319707852875,10691192243954876986
15371842350070423640,10907434497443638435
15371842421256146984,10546443563694233848
15371842695785926706,10907434497450384389
15371842822760095821,10907434497327254423
15371842939483377733,10546443564008452717
15371843151262179370,10546443564032385373
15371843165787054101,10546443563682735605
15371843169805197349,10546443563800868247
15371843367868620824,10546172455176365311
15371843559976128566,10907434497327254423
15371843658735210518,10691192243911719873
15371843800498491436,10546172455208219921
15371843838100430870,10545055918000201479
15371843970808209465,10907434497450011103
15371844024537243745,10545055918000201479
15371844130040766505,10545511425556317340
15371844190128361485,10546443563983353945
15371844326594240511,10546443563662141060
15371844381430566967,10546172455150440911
15371844384853123109,10907434497340532499
15371844480390975581,10546443563661237356
15371844623651622938,10546443563682526554
15371844640743415896,10546443563702944992
15371844702366130229,10907434497429964156
15371844720024145994,10546443563754297618
15371844817197781046,10546172455224958037
15371845134635290671,10546443563743417587
15371845254160375808,10546443563796251490
15371845269188567132,10546172455224958037
15371845418648395822,10546443563874542746
15371845540757164103,10546443563834261803
15371845870752424032,10546443563834261803
15371845899856699415,10546443563687858745
15371845970727854158,10546443563732917786
15371846033810182222,10546443563743417587
15371846339696578631,10546172455164950083
15371846418364948576,10907434497298200028
15371846524237570105,10907434497389094792
15371846561248104465,10546443563802055015
15371846686703931428,10546172455223002340
15371846908926550067,10546443563702944992
15371846945869979708,10546172455175684132
15371847397776875582,10546443563710307012
15371847482870915125,10546443563739366907
15371847624244125716,10546172455214864140
15371847778858754137,10546443564040624942
15371848143377321989,10545360219000180543
15371848335157678177,10546172455175291597
15371848594420195423,10907434497381068980
15371848655577341976,10691192243948650310
15371848721646018637,10546443563988280844
15371848755565355017,10907434497353480875
15371849036365619219,10546172455172374693
15371849047568605222,10546443564047085612
15371849129944731674,10546172455216999229
15371849275122180146,10546172455175684132
15371849556597723150,10546443563911453844
15371849582879236137,10545724654280546466
15371849632279748696,10546443563944337421
15371849678970740832,10907434497452770036
15371849886735585301,10546443563743417587
15371850136477028429,10907434497428138767
15371850203711725570,10907434497310831576
15371850258539667532,10546443563701182511
15371850266169106457,10907434497422270467
15371850503096946765,10907434497378123875
15371850586727174154,10546443563982352352
15371850659901005829,10546443563773850750
15371850875718914082,10545511425559926764
15371850922573488133,10907434497378123875
15371850936934781023,10546443563808432666
15371851000264581195,10907434497422270467
15371851123946217552,10546172455165507935
15371851220230655999,10546443563897386298
15371851230083080224,10545724654287697880
15371851266342834250,10546443563965818682
15371851284894240805,10546172455223782160
15371851322206769172,10546443563808432666
15371851488351539224,10546172455170828658
15371851592693243942,10546443563808432666
15371851615145349163,10907434497423258089
15371851620514058244,10545724654287697880
15371851662624874569,10907434497396443409
15371851820141957153,10546443564017272451
15371851950417043525,10546172455196256654
15371852183314157615,10546443563812175575
15371852357633626136,10546443563796251490
15371852530556391447,10691192243957454230
15371852614283092018,10546443563809198013
15371852808168988722,10546443563808432666
pk_id,id_own_org
14582097882763016296,10545511425556317340
14582097882781554001,10545511425556317340
14582097882789045162,10546443563704418920
14582097882804691646,10545511425559926764
14582097882809785821,10546172455230192013
14582097882812651541,10545511425556317340
15345396723937763351,10546443563994816513
15346205118773125179,10545511425556317340
15347610860906405959,10546443563682468641
15350548873768652831,10546443563994816513
15351258619425382476,10546443563748909866
15353057584638644246,10907434497389440455
15353328547020201989,10546172455148127477
15353820257340936284,10907434497389440455
15355161608670208002,10546443563748909866
15355161752308342814,10546443563748909866
15355186884850536508,10546443563994816513
15355559756211216448,10545724654281373534
15355559901531263066,10545724654281373534
15355957280319266827,10546443563742851763
15356224175270318132,10546443563994816513
15356267011193753686,10546443563742851763
15356318351748026429,10546443563742851763
15356677831316791320,10546443563742851763
15356678404476817466,10546443564021755806
15357048852926484523,10546443563994816513
15357665987319095365,10545511425556317340
15357714077296156740,10546443563742851763
15357714742483411011,10546443563742851763
15357717836764078105,10546443563682468641
15358090138567626811,10546443563994816513
15358477549218877499,10546443563742851763
15358498739929014345,10545511425556317340
15358852488904101917,10907434497389440455
15358853157450997813,10907434497389440455
15359117896009703425,10546443563742851763
15359125646332715100,10546443563747912030
15359126108813451305,10546443564027518391
15359163359274520614,10546443563742851763
15359164796872216668,10546443563742851763
15359527229130330124,10546443563994816513
15359610515135455280,10546443563742851763
15359873352541982794,10546172455201793473
15359949621476515889,10546443563742851763
15360302072582955051,10546443563748909866
15360302478671269939,10546443563748909866
15360957411259113491,10546172455185136988
15361012562502144042,10546172455201793473
15361041068158144607,10545511425556317340
15361064869382119464,10546443563853738705
15361696740520546332,10546443563742851763
15361700841081851971,10546443563742851763
15361766744251228165,10546172455201793473
15362384087314653254,10546443563971754979
15363160791972892675,10546443563994816513
15363482366660104259,10546443563994816513
15363496871733551170,10546443563742851763
15363531841709596707,10546443563742851763
15363546173700886623,10546443563742851763
15363889682702196762,10546172455192946451
15363966666560036901,10546443563742851763
15363966817743720501,10546443563742851763
15364019753895125058,10546443563865881244
15364188970858635313,10546443563994816513
15364189431531622454,10546443563994816513
15364222331580899332,10546172455160608323
15364240003098005549,10546172455201793473
15364253095735386204,10546443563934899789
15364582944794529843,10691192243916083392
15365037663807660099,10546443563682468641
15365047754392916017,10546172455201793473
15365298924940222553,10691192243916083392
15365302649628975180,10546172455170614289
15365304727571062790,10546172455170614289
15365741503251009600,10546443564027518391
15365746481088745549,10546172455170614289
15366010336255729738,10546172455192946451
15366025373305331717,10691192243916083392
15366025958066806875,10691192243916083392
15366090211020824673,10545724654281373534
15366090436678574174,10545724654281373534
15366095800149004359,10545724654281373534
15366388207411318830,10545511425556317340
15366402790377181266,10546443563742851763
15366786475433709589,10907434497443621603
15367139930857852957,10546443563925564033
15367236847721832486,10546172455230192013
15367463098466226189,10546172455230192013
15367476185357410305,10546172455150441079
15367583363397378143,10691192243945853618
15367831710418919423,10546443563699205654
15367844134886891586,10546172455215437470
15367901485757161520,10546443563971754979
15368237451470491680,10546172455169049685
15368289854467133455,10546172455169049685
15368553455018893375,10546172455184878185
15368566865618063378,10691192243916083392
15368568358551216201,10546172455169049685
15368569692792872983,10546443563748909866
15368569747503374424,10546172455169049685
15368981868154245206,10691192243916083392
15368987720919601168,10546443563878928260
15369358911324872802,10546050787359601055
15369633038610780209,10546172455168836324
15369735137419911185,10546172455170614289
15369736005884104796,10546172455170614289
15369766663725568001,10546050787351429214
15370016065878810715,10546443563956918910
15370034563040464906,10546443563802379133
15370056438005161987,10546172455168836324
15370059370477965380,10546050787351429214
15370061612975181863,10546050787351429214
15370065666770001998,10546443563742851763
15370078289255260226,10546443563844463835
15370085813769523228,10546443563844463835
15370090118484385835,10546443563844463835
15370480525567381595,10546443564041059431
15370762796308422704,10546172455215437470
15370770079591489541,10907434497452706488
15370816145259028553,10907434497443887879
15370832963805696097,10546443563839620909
15371104538656296997,10907434497343767047
15371134258835935300,10546172455180328891
15371151394702676001,10546443563700222838
15371161301590003784,10546172455215437470
15371184693957414999,10546050787360555382
15371192274302066741,10546172455208219921
15371507282978328607,10545724654273600931
15371525841976610890,10691192243945853618
15371530053766664217,10546443563807877501
15371530262873694222,10546443563841224594
15371533490482892824,10546443563925598072
15371561090697715778,10546443563663577621
15371804542781935663,10546443563741379559
15371808888387067998,10546443563936357653
15371816060042928201,10546443563797839815
15371820945513697286,10546443563687923230
15371822409262878764,10546443563965892756
15371824828017336393,10907434497473120734
15371825020728823844,10546443563698927578
15371825076836032576,10546443563698927578
15371825345321816072,10546172455184457713
15371826334904934487,10546443563879656868
15371835716216606719,10546443563659393388
15371835838279245922,10546443563922606250
15371838110031728731,10546443563922606250
15371844865092538398,10546443563694715145
15371846675815522379,10546443563694715145
15371847222987640884,10546050787359138211
15371848019737632792,10546443563834620333
15371849371314348112,10907434497327254423
15371853506264752149,10546443563936357653
15371853785303404606,10546443563754297618
15371853868862328836,10546050787360552116
15371854336053272657,10546443563879656868
15371854525161857091,10546443563724403247
15371854531755298867,10546443563669109571
15371854742552629315,10546172455146356774
15371855369970180113,10545724654285290048
15371855707146080268,10546443563901738492
15371856031659384910,10546443563687316569
15371856702089515047,10546443563846801071
15371856841785004124,10546443563795541943
15371857052632666122,10546172455158689121
15371857279213162580,10907434497431417465
15371857306593579024,10546172455160137514
15371857412147433512,10546172455168538913
15371857575322636310,10691192243946172146
15371857813471027264,10546443563687316569
15371857814569934850,10545724654274409753
15371857882362466334,10546050787353665736
15371857987933102159,10546443563879955386
15371858178568413233,10546443563960461203
15371858241264865291,10546050787353665736
15371858537349173319,10907434497417972272
15371858780203573302,10546172455185136988
15371858960801910797,10546172455192883333
15371859211445129265,10546172455184078373
15371859220823593058,10546443563673988449
15371859615255945222,10545724654297069924
15371859686181621774,10907434497413919443
15371859748240547873,10545724654297069924
15371859758805999663,10546443563729996319
15371859803164958810,10546172455171921184
15371860195034587173,10546443563709746550
15371860413671071799,10546172455171730015
15371860485846654984,10545724654287107043
15371861020255506476,10546443563791556099
15371861556631494727,10546443563673988449
15371861943098859599,10546443563815902933
15371862115925151772,10546443564044180862
15371862124678664238,10907434497356680805
15371862419106222118,10545055918000107075
15371862485313314870,10546443563722160764
15371862614200078427,10546172455190582875
15371862861206835199,10546443563773015598
15371862984204800008,10546443563726964327
15371863018577125439,10546443564003819135
15371863173892198409,10907434497331462782
15371863309796040771,10907434497479667306
15371863435881009237,10545055918000107075
15371863535424425994,10546172455221470684
15371863551908040787,10545055918000107075
15371863588436238414,10907434497331462782
15371863731453616134,10546443563726964327
15371863858390028307,10907434497321070974
15371863901289373717,10907434497331462782
15371864235680260177,10907434497340505910
15371864344384032767,10907434497439419319
15371864351212363806,10907434497331462782
15371864744524828758,10545055918000107075
15371864974376882260,10546443563795541943
15371865062155280409,10546443563992941670
15371865162097156096,10546172455164742698
15371865227398271024,10545055918000107075
15371865242346770491,10546443563794898639
15371865245169541158,10546443563845273979
15371865589077299205,10546443563655572781
15371866208269815833,10546172455175293476
15371866657463001118,10546443563740246427
15371866756326940707,10907434497479667306
15371866946253410345,10546443563675814860
15371867139019431970,10546443563778834369
15371867199304163371,10546172455175293476
15371867318925709381,10546443563920949564
15371867420004241457,10691192243931443340
15371867681292603399,10545724654290302924
15371867756613918802,10546443563967858836
15371867824096075829,10545511425554697304
15371867856333496401,10546172455157780717
15371868116153847826,10691192243931443340
15371868671462920290,10691192243931443340
15371868715385671718,10546172455174347056
15371868866368036893,10546443563891039482
15371868910227869790,10546443563667385186
15371868988183203906,10546443563750710835
15371869024438767620,10546443563676010708
15371869465557913629,10546443563750076219
15371869543613911077,10546172455191659437
15371869773734400052,10907434497391377896
15371869951799386178,10545724654285899035
15371869987681652793,10546050787360553543
15371870583289602125,10546443563871545719
15371870718035812364,10546172455169049685
15371870785924816909,10907434497369186530
15371871123780194323,10546443563778425238
15371871169091260443,10546443563976294115
15371871272111755302,10546443563682735605
15371871546729619520,10546443563710480930
15371871630573756492,10546443563694233848
15371871761184378906,10907434497480680877
15371871936384651349,10546443563825440817
15371872250709991463,10546443563940236301
15371872354128945182,10546172455230720857
15371872421439135782,10907434497378123875
15371872434047209552,10691192243910145649
15371872741015736324,10546443563825440817
15371872868342222876,10546443563856875867
15371872870007361579,10546443563777468033
15371872964685389839,10691192243948094667
15371873025716707350,10691192243945626781
15371873046193299497,10907434497386189656
15371873205346160691,10546443563825440817
15371873281321787465,10546443563705658258
15371873390424023124,10546443563825440817
15371873492052008972,10545511425554539758
15371873638940729440,10907434497386189656
15371873659798999138,10546443563775712854
15371873701595238484,10546443563825440817
15371873794410991644,10546443563912039927
15371874008173695065,10546443563912039927
15371874044450234395,10546172455229090925
15371874221605048374,10546443563734522437
15371874277171187769,10546443563668560422
15371874422415740985,10546443563825440817
15371874424219291733,10546443563855264261
15371874672744386634,10546443563825440817
15371875173871439963,10546443563825440817
15371875179001077811,10546443564024850441
15371875265563119644,10546443563855264261
15371875276078243895,10546443563911987282
15371875325667496029,10546443563993342173
15371875339798106135,10546172455205507013
15371875888215937062,10546443563697550761
15371876152285126716,10546443563815083852
15371876201345900631,10546443563672670235
15371876423790809148,10691192243945853618
15371876508930990102,10546172455188051083
15371876592712212516,10546443563922779824
15371876602300391477,10546443563844463835
15371877109492408415,10545724654280278694
15371877118522744903,10907434497450848252
15371877229558554679,10907434497459423249
15371877567371993095,10546172455183418054
15371877601517821962,10907434497340643117
15371878143262511153,10546172455150334050
15371878478550978617,10546172455232698621
15371878692653420579,10546443564032385373
15371878991917011026,10907434497341885490
15371879051476127766,10907434497357553403
15371879066755981340,10546172455183418054
15371879252081299554,10545724654281887519
15371879304954699836,10545511425554853047
15371879435288498255,10546172455183418054
15371879458520748117,10546443563672670235
15371879689874366501,10907434497340643117
15371879736535994457,10545724654275259380
15371879831809609741,10546050787357757936
15371880017424338996,10545511425563140988
15371880018170929231,10546172455191737583
15371880127168303194,10546443563809291730
15371880463744421962,10546172455193154152
15371880568023212109,10546443563799823581
15371880608934453327,10545724654297069924
15371880668397101062,10546172455201909380
15371880729784930351,10545724654297069924
15371880735652765721,10546050787357757936
15371880930146832472,10546443563709200476
15371880993271111693,10546172455170828658
15371881267855417374,10907434497303150998
15371881321248903238,10907434497327254423
15371881520730001441,10907434497427067847
15371881754818301979,10546172455234574200
15371881807976910849,10546443563744633269
15371881908157866064,10545360219000180543
15371881979276484646,10546443563765185737
15371882011841060896,10546443563660617672
15371882313558315040,10546443563672670235
15371882314141323263,10546172455200344344
15371882320202096715,10907434497303150998
15371882367882940430,10546443563860869264
15371882387231264857,10546443564005138574
15371882389525549130,10546443563801813225
15371882495821795404,10546172455200344344
15371882560376328194,10546443563655546682
15371882836084707405,10546172455193212580
15371883036266254394,10546172455232272115
15371883045695049797,10691192243916083392
15371883145402044437,10907434497357139522
15371883164129615962,10546172455170617844
15371883190654394406,10546172455193575710
15371883482456313929,10546172455150441079
15371883491385987106,10907434497448051038
15371883780730052677,10545511425563815367
15371883819955183684,10546443564022339102
15371883977740705871,10691192243916083392
15371883998439592016,10546050787360553013
15371884146502717461,10907434497324002811
15371884180900204588,10546172455183418054
15371884220339249229,10691192243931127854
15371884380368724027,10546172455232631335
15371884402183294992,10907434497303150998
15371884534467448915,10546443563925735040
15371884561348747302,10545511425557180457
15371884663308083254,10546443563767885892
15371884666617385007,10546172455207832715
15371884898621120551,10545724654292152354
15371885011535974475,10691192243907926534
15371885110785790023,10691192243933413092
15371885238573654035,10907434497381905958
15371885265572388913,10546443563714031142
15371885534918008879,10545724654292152354
15371885662399680516,10691192243941503778
15371885749553127490,10907434497303150998
15371885771912958041,10546443563807977284
15371885883007488016,10546172455183418054
15371886535540531213,10546172455193180584
15371887091520688175,10546050787360554928
15371887124697632855,10546443563831169791
15371887153374089305,10546443563950409431
15371887316159221844,10546443563924205508
15371887333703995488,10546050787360740129
15371887348727996467,10546050787360552566
15371887432249167960,10907434497429911267
15371887597081124960,10546050787360552566
15371888173231689811,10907434497429911267
15371888205796270176,10546172455191659437
15371888493215145999,10545461672704872675
15371888578598588425,10546443564020691230
15371888612882833467,10546443563968382571
15371888628565332005,10546443563924286831
15371888736438636593,10546443563968382571
15371888758488092716,10546443563950409431
15371888797260242970,10546172455221055673
15371888915363450944,10907434497409392845
15371889013573079133,10545724654290402586
15371889113376542794,10546443564032385373
15371889121366691895,10907434497459002268
15371889197723996230,10691192243954876986
15371889268855197748,10546443563681488581
15371889335704014932,10907434497324002811
15371889505975980074,10546443563681488581
15371889690449858561,10691192243954876986
15371889856594628618,10546443563732804173
15371889913301618715,10907434497429911267
15371890080490770509,10907434497459002268
15371890243632418906,10546443563785756341
15371890326448951313,10546443563681488581
15371890479717212180,10546443564011008403
15371890688551608390,10546172455156189175
15371890731799072767,10691192243916083392
15371890980278034471,10546443563778425238
15371891015967363142,10546443563808432666
15371891224613015638,10546443563782981197
15371891301138096203,10546443563815163937
15371891335824986125,10546443563782297757
15371891357471793232,10546443563775712854
15371891478443909197,10546172455234968632
15371891550262972435,10546443563681488581
15371891734216757249,10546443563688494591
15371891809613565980,10546443563681488581
15371891852919754842,10546172455232696155
15371891873861914691,10546172455192081735
15371891879863967838,10546443563782981197
15371892057199140869,10546172455232696155
15371892060940460081,10907434497393528628
15371892084550193185,10546172455200344344
15371892126082195465,10546443563840102613
15371892525270884380,10546443563782981197
15371892603637260318,10546172455176345203
15371892702765436982,10907434497409392845
15371892705114247205,10546443563802055015
15371892931761852487,10546443563749576974
15371893005598384225,10546443563785756341
15371893027232600127,10546443563710559489
15371893174142291979,10546172455207114307
15371893231428096031,10545435426612258310
15371893307022037032,10546172455169612445
15371893341612466197,10907434497429911267
15371893399581937668,10546443563782981197
15371893483031810121,10907434497331462782
15371893846015266836,10546443563742851763
15371893969331998726,10546443563909411560
15371894038470909981,10907434497294117005
15371894104891908148,10546443563782269950
15371894118263345215,10546172455146356774
15371894351982551087,10546443563656452217
15371894457133752323,10546443564054053138
15371894469326589959,10546443563740346709
15371894623190442060,10546443563881341348
15371894734675042306,10907434497294117005
15371894767264780329,10907434497429911267
15371894836420468785,10907434497376917635
15371894906054299672,10546443563877908433
15371894993937555522,10546443563767885892
15371895324650033180,10546172455164742698
15371895402114637853,10546172455169049685
15371895594809348149,10546443563939926416
15371895730037903406,10691192243930264672
15371895797243240483,10546443563748798594
15371895906106400821,10546172455192881720
15371895912062308373,10546172455184078373
15371895929984573451,10546443563664233268
15371896032501747732,10546443563726957063
15371896057227169828,10546172455192881720
15371896095865102343,10546050787360553543
15371896166140665875,10546172455185136988
15371896185388326979,10546172455223332490
15371896186625646662,10907434497445498317
15371896229394964578,10546443563800868247
15371896320264556606,10546172455191658970
15371896367282704426,10546443563726957063
15371896536631922692,10546443563681488581
15371896554214449200,10546443563773428626
15371896682425929783,10546172455153961033
15371896684124622886,10546443563681488581
15371896899497939006,10546443563887273583
15371896936986632286,10546443563997999479
15371896940484677729,10546172455193191300
15371897076942168097,10546443563681488581
15371897229698715701,10546172455171838025
15371897245146341386,10691192243938609517
15371897286862884945,10546172455154034280
15371897293158535172,10546443563887273583
15371897446867198021,10546172455192031763
15371897585786740832,10546443563865330156
15371897602895302720,10545724654302717179
15371897656611758097,10546443563742851763
15371897753907023938,10546443563929483375
15371897817949851691,10546443563742851763
15371897840511016990,10546443563806894530
15371898108074057730,10546443563891795410
15371898168501395528,10546172455193212580
15371898538996850755,10545511425563138387
15371898667967504403,10691192243946232868
15371899378386133001,10546443563800004199
15371899382098087999,10546172455183418054
15371899399823220802,10546172455215437470
15371899461777281112,10907434497429911267
15371899553984860212,10545724654283269505
15371899572695654434,10907434497416872423
15371899712986730503,10546443563911987282
15371899745421283341,10546172455170828658
15371899856880721942,10546172455159678483
15371899984622444631,10546172455234968632
15371899992629366820,10546172455165408392
15371900119016333403,10546443563663577621
15371900210208890909,10546443563741957967
15371900330312785957,10907434497319604038
15371900692079890448,10546172455193237100
15371900748489089083,10546443563908910328
15371900768051318788,10545724654291472784
15371900830546452572,10691192243946384769
15371901067738533936,10546443564040624942
15371901228095168602,10546172455183772643
15371901264006799447,10546172455172243207
15371901313583472671,10546443563701611081
15371901459016769633,10546443564022507752
15371901536556867601,10546443563995102103
15371901586523607044,10546443564008452717
15371901990745460782,10546443564034462059
15371902160920957021,10546172455230983180
15371902286448091207,10546172455170828658
15371902375560269873,10691192243948650310
15371902443675766785,10546443563913314467
15371902496352034851,10907434497328608146
15371902522314772524,10907434497456298127
15371902536734789642,10546443563972296572
15371902891807793248,10546050787360553543
15371903017272008768,10545724654295549949
15371903039539568734,10546443563749186729
15371903078370435121,10545724654280278694
15371903117373268058,10546443563912039927
15371903179356688385,10546172455230140631
15371903200898633731,10546443563822349194
15371903299921961023,10546443564008452717
15371903454037463071,10546172455175292180
15371903464607113253,10546443563701611081
15371903514695491649,10907434497452706488
15371903528159203354,10546443563709361957
15371903649429114894,10907434497452706488
15371903808028336192,10546172455171800326
15371904059451695148,10546443563956918910
15371904073024458762,10546443564034462059
15371904132294172692,10691192243951595085
15371904244554715163,10907434497340532499
15371904309788725338,10546443564034462059
15371904322627493931,10907434497327254423
15371904447181545515,10546172455199698267
15371904834693287992,10691192243951595085
15371905132354658360,10546172455153828400
15371905159118508063,10546443563775712854
15371905169692348499,10546443563681488581
15371905213107589151,10691192243904305717
15371905341222608964,10546443563956918910
15371905396193153090,10546443563915128177
15371905480809041981,10545511425561500377
15371905555249549354,10546172455207840866
15371905569006870599,10546443563681488581
15371905712850526298,10907434497299877108
15371905835399700508,10546443563698927578
15371905920183357465,10907434497389305795
15371905920875417654,10546443563730865532
15371905973039976507,10691192243961122294
15371906026618019864,10545724654289986191
15371906040727654414,10546443563995102103
15371906081605345288,10546172455193154152
15371906086219075593,10546172455200344344
15371906109656846390,10546443563880911819
15371906129139388501,10546443563705658258
15371906231815950359,10691192243948578686
15371906258873405469,10546443563983353945
15371906459445022798,10546443564044524272
15371906945711661134,10546443563742851763
15371906973507309644,10546172455201909380
15371907327284273227,10546443563744153173
15371907355314806835,10546443563775712854
15371907379025207364,10545724654301537490
15371907489478004793,10546443563710239869
15371907557236990018,10546443563771288154
15371907781221212198,10546172455201909380
15371907917280239679,10546172455166703291
15371907964948500507,10691192243951595085
15371908137913208837,10907434497300916728
15371908268645474394,10545055918000388109
15371908460274831433,10546443563662379795
15371908510497431650,10546443563900893514
15371908612364488740,10546443563881341348
15371908697345286151,10545461672704872675
15371908820020285491,10546172455205507013
15371908878136561724,10546443563682526554
15371908998009769997,10546172455150439270
15371909264788475912,10545511425564120358
15371909411010306122,10546172455228133455
15371909768423727191,10546443563992941670
15371909817941676076,10907434497481219685
15371909896840732770,10546443563815343798
15371909933729632343,10907434497475655784
15371910021474476093,10546443563881341348
15371910099505303606,10546172455175291597
15371910117905719348,10907434497475655784
15371910138579439619,10546172455170828658
15371910192404942922,10545511425565025106
15371910335598485599,10546443563997999479
15371910344184221774,10546172455170828658
15371910352358920251,10907434497426970451
15371910356419006485,10546172455168538913
15371910415667744771,10546443563784038310
15371910504658296902,10546443563771288154
15371910539999502407,10907434497379700859
15371910543342362673,10546443563875510618
15371910562493554715,10546050787360551044
15371910596740042777,10546443563997999479
15371910685646704680,10546443563749224486
15371910761123205179,10546443563771288154
15371910792802783263,10545724654283030221
15371910943067918347,10545724654283030221
15371911049901035571,10546443563909411560
15371911100136214585,10907434497357553403
15371911285012750434,10691192243947194927
15371911310837075975,10546172455208219921
15371911518773895241,10546443563909411560
15371911571584376868,10546443563815343798
15371911795908337722,10691192243947194927
15371911954142650453,10546443563992941670
15371912183592050755,10546172455188413513
15371912210817273933,10907434497299874308
15371912239128829997,10907434497308367075
15371912282992857175,10546443563766866054
15371912350110109718,10546443563702774381
15371912459275259979,10907434497341130633
15371912531924803644,10546443563992941670
15371912540216942684,10546172455171800326
15371912653551231039,10546443563702774381
15371912672475930704,10546443563682468641
15371912739240861696,10546172455162018360
15371912873613779042,10545435426612258310
15371913034628915287,10907434497299874308
15371913107056152654,10546443563710307012
15371913392394657840,10907434497377042464
15371913403182407687,10546443563804839674
15371913443766489125,10546443563793371961
pk_id,id_own_org
14365556958329116542,10545511425556317340
14365556958329621590,10545511425556317340
14365556958330019687,10545511425556317340
14365556958330399359,10545511425556317340
14365556958330966423,10545511425556317340
14365556958331884530,10545511425556317340
14365556958334576370,10545511425556317340
14365556958334691206,10545511425556317340
14365556958337796536,10545511425556317340
14365556958338483795,10545511425556317340
14365556958339193997,10545511425556317340
14365556958341129115,10545511425556317340
14365556958342051510,10545511425556317340
14582097882766592701,10545511425556317340
14582097882781338689,10546443563972438230
14582097882784091705,10546443563821334266
14582097882787127077,10545724654287892555
14582097882796984135,10546443563821334266
14582097882796985118,10546443563821334266
14582097882799729542,10546443563762885388
14582097882805994595,10545511425557180457
14582097882809967183,10546443563972438230
14582097882811348776,10546172455170614289
14582097882813433319,10545511425557180457
14582097882814858549,10545724654287892555
14582097882819572874,10546443563972438230
14582097882819574830,10546443563972438230
14582097882819584179,10546443563972438230
14582097882819589723,10546443563972438230
14582097882819600662,10546443563972438230
14582097882819675228,10546443563972438230
14582097882819982262,10546443563972438230
14582097882820001794,10546443563972438230
14582097882822139458,10545511425557180457
14582097882822308751,10545724654287892555
14582097882822309089,10545724654287892555
15341390424925331530,10546443563971754979
15343190108132139095,10546443563956918910
15344324271958712400,10546443563653743319
15351630658678087687,10545511425557180457
15353074401142689795,10546443563843691933
15353795999231434784,10546172455170614289
15354051243311943737,10545724654287892555
15354514478058229806,10545511425560687304
15354514575072481338,10545511425560687304
15354514689484709964,10545511425560687304
15354514810855284826,10545511425560687304
15354514940207616093,10545511425560687304
15354515017596719103,10545511425560687304
15354516324399243341,10545511425560687304
15354516407077359678,10545511425560687304
15354516498341220410,10545511425560687304
15354516816072331317,10545511425560687304
15354516949577031701,10545511425560687304
15354517345003429971,10545511425560687304
15354517438536409152,10545511425560687304
15354517977638690863,10545511425560687304
15354521690675666977,10545511425560687304
15354521762578620500,10545511425560687304
15354522071002566698,10545511425560687304
15354522130226139229,10545511425560687304
15354522219363487746,10545511425560687304
15354522331036831786,10545511425560687304
15354522448217301078,10545511425560687304
15354522668967714825,10545511425560687304
15354522774278299658,10545511425560687304
15354525140746555473,10545511425560687304
15354525291250765920,10545511425560687304
15354525592095612983,10545511425560687304
15354525717052313693,10545511425560687304
15354525994937536558,10545511425560687304
15354526295220346933,10545511425560687304
15354528937740918867,10545511425560687304
15354529269833326636,10545511425560687304
15355191553261887577,10546172455170614289
15355622559223701562,10907434497318133634
15355894539663495223,10545511425560687304
15355979877555687466,10546443563749214905
15357111827838324833,10691192243946469254
15357419869347831874,10546443563916006723
15357699315682304095,10545511425560687304
15357793434299584566,10546443563922543390
15358141699352223779,10546172455170614289
15358468125330821135,10546172455170614289
15358790840679981063,10546172455170614289
15359186577423126620,10545511425560687304
15359549840929382477,10545511425560687304
15359848442826383385,10546172455170614289
15360622245294690373,10545724654292027135
15360691462178132027,10546443564041059431
15361389355289600021,10545511425560687304
15362417854725017614,10546443563902831534
15362439226088022016,10545511425560687304
15362439586953351235,10545511425560687304
15362439684923908173,10545511425560687304
15362439841132367961,10545511425560687304
15363491420358893583,10546443563740246427
15363563492477030437,10545511425560687304
15363968724709204018,10907434497318133634
15364209064888291400,10545511425557180457
15364247892361535536,10546443563749214905
15364644246753697839,10545511425560687304
15364979652028321883,10546172455171742098
15364987442331443295,10545724654281373534
15364996581673717760,10546172455171742098
15365279240652116012,10545511425560687304
15365288821763661858,10546172455192062599
15365424379735363595,10545511425560687304
15365714258620899366,10545511425560687304
15365758686370783259,10546443563922612006
15366474298579537928,10546443563699417811
15366875271923818506,10546443563692258283
15367584083966218322,10546443563865881244
15368217763864698952,10546443563839620909
15368267869674594322,10546443563922612006
15368601743021625402,10546443563742851763
15368610909576552479,10546443563861020506
15368654109737537634,10546172455148127477
15368999642855428172,10546443563699417811
15369280839334547527,10546443563844463835
15369347582841114638,10546443563878928260
15369367096928555010,10546443563922612006
15369378299516084248,10546443564041059431
15369653786045894681,10546443563971754979
15369695743287808060,10546443563744148004
15369742510435917856,10546443563922612006
15369743280896008230,10546443563865881244
15369748283119427632,10546443564037065362
15369753283145031691,10546443563649843694
15370023886057951277,10546443563692258283
15370090366137061439,10546443563844463835
15370097906480631898,10546443563808005927
15370130205704249388,10546443563667179882
15370434932602097732,10545724654277612499
15370718161666105355,10546172455171742098
15370778134878146570,10546443563744148004
15370834021625942056,10546443563692258283
15370850547921899575,10545511425557180457
15370868916125487103,10546443563667179882
15371090190042980407,10546443563922612006
15371144308396707840,10546443563861020506
15371154983114297425,10545724654277020549
15371164378015518725,10546443563839620909
15371167446245367849,10546172455171742098
15371173869708693571,10546443563922612006
15371176516390015056,10546443563922612006
15371186897548267527,10907434497318133634
15371190142182154284,10546443563922612006
15371190782857896010,10545724654281373534
15371463987023634519,10546443563922612006
15371468673269157898,10546443563663077263
15371537181902426138,10546443563839620909
15371566095043453003,10546443563667179882
15371567094248300616,10546443563667179882
15371568021252399123,10546443563667179882
15371568436488495178,10546443563667179882
15371573801766674493,10546443563667179882
15371575220682940479,10907434497427052694
15371577600614912090,10546443563667179882
15371583249914581087,10546443563925536208
15371605864511234072,10907434497382431669
15371815433229361180,10546172455154375023
15371829063219990578,10691192243937320707
15371833520305528898,10546050787348167228
15371834729447870557,10546172455229392113
15371835030473072687,10546443563806894530
15371843187903615047,10546172455208219921
15371846227788357642,10545511425556317340
15371846719885070338,10545511425556317340
15371847978520203285,10545511425556317340
15371848011453882419,10546443563760964463
15371859447907405855,10907434497384615718
15371862168110686244,10546172455166703291
15371863937456857091,10546172455175292552
15371868056938668071,10546443563667179882
15371871678225244247,10907434497331462782
15371872204908191773,10907434497331462782
15371873977383309381,10546172455166703291
15371876810115571743,10907434497331462782
15371877540352282685,10907434497331462782
15371878620914045007,10907434497331462782
15371880959360159810,10546443563661291102
15371884761492545565,10546050787348167228
15371886566163140668,10546050787348167228
15371887719592550433,10546050787348167228
15371896118644363346,10546443563742851763
15371897799507501090,10546443563958053123
15371901082842226698,10546050787348167228
15371902406900109327,10545724654302717179
15371903105134288965,10546443563710482759
15371909937080881184,10546443563911679092
15371911772302790751,10546443563922612006
15371913355686105141,10546172455230983180
15371913594199400466,10546172455215437470
15371913636922576980,10907434497418953638
15371913706992623668,10546050787360701038
15371913710817824827,10546443563840372687
15371913710998183936,10546443563840372687
15371913765025013823,10546172455193180584
15371913778555834397,10691192243951595085
15371913813355974747,10546443563827118983
15371913891776880656,10546172455162018360
15371914102637121561,10546443563992941670
15371914106068062300,10546443563681488581
15371914179120259151,10691192243933346253
15371914200116944967,10546443563983937313
15371914268169527343,10546172455175380687
15371914272716148776,10546443563709753530
15371914411849605205,10546443563909411560
15371914484524310577,24351585207484580
15371914545249439757,10691192243933346253
15371914644021104662,10546172455148127477
15371914686828175373,10907434497418953638
15371914811998789631,10545724654295852205
15371914851483967528,10691192243933346253
15371914962519777310,10546443563799772137
15371914963832594465,10907434497341593289
15371915271530930249,10907434497422270467
15371915422249050173,10546050787360553543
15371915517099040862,10546172455183418054
15371915536661270618,10691192243946172368
15371915787291906053,10546443563785756341
15371915838248505423,10546172455207840866
15371916126292332641,10546172455183418054
15371916176871444490,10691192243906095488
15371916328927551577,10907434497300916728
15371916556468539439,10546443563702774381
15371916577322623065,10907434497331462782
15371916613192310797,10546443563956918910
15371916743672909907,10546443563909411560
15371916770399014961,10907434497418110637
15371916855363035175,10546172455207840866
15371916979749314583,10545724654273383974
15371916992604856341,10545724654297057784
15371916994337103882,24351585207484580
15371917138700849196,10691192243947194927
15371917227972419610,10546443563992941670
15371917285279195180,10546443563729446930
15371917358599819274,10907434497429911267
15371917782945947740,10545724654289935767
15371917885643477037,10545511425557180523
15371918096231092308,10546443563922500676
15371918110084882467,10546050787360548281
15371918275818610770,10546443563699798193
15371918351236390964,10546443563700162805
15371918371566178352,10546443563802475670
15371918510305366025,10546172455171890636
15371918712772808780,10546443563800868247
15371918839788920834,10907434497379700859
15371918861351837777,10907434497331462782
15371918925004591159,10546443563856874971
15371918925595992154,10546172455210724782
15371918998182617163,10907434497425399193
15371919042650628184,10546443563655572781
15371919052331081792,10907434497451928464
15371919104726323223,10546443563662379795
15371919266802622480,10546172455151212939
15371919402152812544,10691192243924924009
15371919426525913165,10546050787352443334
15371919890659201118,10546172455159740735
15371920105243988059,10546443563993342173
15371920118934196292,10546443563775831604
15371920243882516523,10907434497382431669
15371920301285756986,10545360218999762177
15371920349230846031,10546172455171921184
15371920458538606668,10546443564044180862
15371920512242470921,10907434497313769748
15371920614977753136,10907434497313769748
15371920708015804484,10546172455175293110
15371920967701942344,10907434497317022647
15371921215992160259,10546172455193212580
15371921266667741245,10907434497321070974
15371921298611556371,10545724654290401085
15371921497597726772,10546172455175291216
15371921591705325637,10546050787360737611
15371921701428318215,10546443563877908433
15371921736979243105,10546443563760978861
15371921761239097396,10546443563805157993
15371921931611725823,10546172455234968632
15371921950490284110,10546443563922500676
15371922063388368900,10907434497406178602
15371922081184800784,10546050787358408559
15371922209803132947,10546443563843691933
15371922323053535234,10546443563765086404
15371922384487506008,10907434497331462782
15371922459393577022,10907434497418953638
15371922645876527110,10546443563913312992
15371922723034947667,10546443563730984387
15371922733176770599,10907434497331462782
15371922971325157411,10546443563992941670
15371923061687242785,10546172455200344344
15371923337261404224,10907434497328345245
15371923454605447255,10907434497303656615
15371923552903155802,10546172455221048508
15371923596284842040,10691192243946232868
15371923638471155777,10546443563965818682
15371923656313720838,10907434497369011354
15371923759095140402,10907434497374945139
15371923759095144461,10546172455192644411
15371923813247799342,10546172455232631335
15371923828397629482,10546443563778425238
15371923842880561155,10546443563994549955
15371923933284589609,10907434497435808390
15371923974959194113,10545511425557180330
15371924162138394675,10546172455171916285
15371924209940881505,10907434497327254423
15371924513868537857,10546443564005241631
15371924724405817350,10907434497331462782
15371924943902138447,10546443563694233848
15371925156616261730,10546172455158857907
15371925217190400037,10546172455200154594
15371925527245938713,10546172455171944653
15371925567758716972,10546050787353669424
15371925590508621829,10546443563912039927
15371925611106852897,10907434497312342375
15371925968134398023,10546443563995102103
15371926171394560055,10907434497340532499
15371926230819463182,10907434497409392845
15371926412323770466,24320717914899306
15371926549758533687,10546443563694651137
15371926550496731188,10907434497483525743
15371926672496451622,10546172455183772643
15371926716289175592,10691192243941357725
15371926733951393851,10545724654279952122
15371926804809961516,10545724654283269505
15371926899450241112,10546443563978166345
15371927103721234504,10546443563881341348
15371927134511616035,10545055917999862527
15371927439131336784,10546172455207840866
15371927460098662407,10546172455186071834
15371927482156507141,10546172455188069313
15371927487537795075,10546443563782297757
15371927617766744090,10907434497480593402
15371927701854150714,10546443563970798114
15371927711102586908,10545360218999762177
15371927718291624017,10546443563699903605
15371927907391823928,10546172455162018360
15371927919676936202,10546050787360551631
15371928381469810731,10907434497312342375
15371928446213087265,10907434497424291076
15371928492111355983,10907434497313769748
15371928625758658639,10907434497424291076
15371928706759053332,10546443563981317548
15371928876229906490,10546172455162018360
15371929175153758256,10546172455193167259
15371929175631908931,10691192243946469254
15371929236197662768,10691192243934098451
15371929284604121177,10546443563673622481
15371929296180400148,10546172455230720857
15371929337490100273,10546443563775712854
15371929505287430168,10546443563978166345
15371929608907706399,10546443563922500676
15371929789485076575,10691192243933065055
15371929807587692632,10546443563897318077
15371929840777220188,10907434497317984995
15371929927066636313,10546443563874032009
15371929984683790384,10907434497427252622
15371930117584506943,10546443563827515924
15371930268415877182,10546172455150441245
15371930368450027600,10546443563922500676
15371930557525053444,10907434497368944087
15371930579863916606,10907434497431417465
15371930820449198148,10546443563888929806
15371930940980912210,10546172455166282238
15371931254152814619,10546172455190230861
15371931254970699808,10546443563761639393
15371931313045033042,10546443563775712854
15371931322008260704,10546443563761639393
15371931362277773397,10546172455170793243
15371931682269618262,10546172455150441245
15371931699726311492,10546443563678352940
15371931985006092341,10546443564026274331
15371932037975953503,10546172455171800326
15371932105428754521,10691192243918869113
15371932485717909515,10546172455192031763
15371932650012991494,10546172455159678483
15371932799569289267,10546443563804361465
15371932939910701149,10691192243947194927
15371932983103643735,10545511425557180330
15371933153912479802,10546443563846820959
15371933180391116878,10691192243917239046
15371933204923600907,10546172455150441245
15371933287152934968,10546443563796251490
15371933328764620872,10546172455192062599
15371933481865105484,10691192243947194927
15371933531903156243,10545511425557180330
15371933888238641202,10546443563897318077
15371934333057159221,10691192243963971041
15371934334118322214,10691192243948048150
15371934469221048370,10691192243947194927
15371934553060991070,10907434497321745158
15371934654592507963,10546443563662379795
15371934811262345228,10907434497471838271
15371934832468746321,10546443563772297553
15371935016649023525,10546172455193191300
15371935033057136721,10545724654280546466
15371935094885376064,10546443563746627359
15371935161230876717,10546443563855264261
15371935339442655244,10546172455193191300
15371935702132510772,10546443563802055015
15371935749377151026,10907434497419763304
15371935784307314741,10691192243946133901
15371935800065314852,10907434497466312752
15371936076990046240,10546443563782297757
15371936285748944978,10546443563767788934
15371936372822695938,10546443563702944992
15371936648740786267,10907434497487757638
15371936666839212037,10546443564047085612
15371936674019856476,10546443563702944992
15371936694110572545,10546443563908557656
15371936803913261066,10546443563667385186
15371937069987319850,10691192243947760212
15371937250048790619,10546443563661429704
15371937261465686062,10546443563749562758
15371937447072030778,10546172455191659437
15371937472497897491,10546443563897041616
15371937806129614890,10546443564033481810
15371937905345876057,10546172455221023764
15371938038817022042,10546172455221023764
15371938103849705485,10546443563784600123
15371938220191305728,10546443563775712854
15371938358271987727,10545724654292003561
15371938407194349577,10546172455172242437
15371938411493515337,10907434497443309813
15371938542234161231,10546172455172243207
15371938554968068145,10546172455176164830
15371938605027086388,10546443563965571021
15371938812125040708,10546443563682473733
15371938959810678852,10545360219000384797
15371939007437000794,10546443564043562966
15371939033861115980,10546443563667385186
15371939115125760083,10907434497417344839
15371939169085476905,10546443563922531894
15371939184793145442,10546172455199700919
15371939525341274124,10546443563897041616
15371939798335938646,10546443563667385186
15371939877134327854,10546443563672094095
15371940016401993783,10546443563856875867
15371940201857343533,10907434497472870847
15371940338428071947,10546443563867052549
15371940372582289417,10545724654273600931
15371940686182014977,10546443564026274331
15371940747959918664,10545055918001142233
15371940838691098650,10545724654273600931
15371941088004726834,10907434497381068980
15371941198986010700,10545724654273600931
15371941400199352355,10546172455191659437
15371941419618983991,10546172455150438679
15371941535813783563,10546050787360553013
15371941974080806997,10546443564028846679
15371942060047257655,10545511425563139362
15371942156759523357,10691192243916416683
15371942246073028681,10907434497418110637
15371942362783731771,10907434497452803447
15371942400385667140,10545055918001142233
15371942419511693329,10546172455191659437
15371942433617141788,10907434497378123875
15371942850539343899,10691192243947186312
15371943264445849603,10545724654289986191
15371943436810772569,10691192243910524497
15371943466258980908,10546443563925536208
15371944002915979362,10545055918001142233
15371944009287127093,10546443563732917786
15371944023849750608,10546443563857246020
15371944138509443135,10546443563719011731
15371944290729119762,10546050787360737611
15371944426796535831,10907434497435607064
15371944572099809365,10546172455229559631
15371944620023930945,10546443563719011731
15371944628890685442,10545055918001142233
15371944629280759882,10546443563857246020
15371944808859881535,10546172455229559631
15371944820511662169,10545055918001142233
15371944926942122079,10546443563688461506
15371945100162682931,10546443563698338759
15371945197277597749,10546443564004556241
15371945439955836976,10546443563897386298
15371945573158543399,10546443563710914148
15371945680071348248,10546443564011008403
15371946228111695935,10907434497452803447
15371946275800928323,10907434497369006731
15371946705868083295,10546443564046804365
15371946984172740625,10546443563806496102
15371947051961077822,10907434497435607064
15371947221398380568,10546443563891795410
15371947372649173014,10546443563838057657
15371947732172329024,10691192243957454230
15371948607146090578,10691192243945964662
15371948897068965889,10907434497367798719
15371949052325318708,10907434497418953638
15371949195275591679,10546443564049771854
15371949677578604564,10907434497471739205
15371949998002462756,10907434497426374908
15371950336138862625,10546443563752909168
15371950463641505793,10546443563772297553
15371950654159380533,10691192243911288966
15371950715983417433,10546443564026309303
15371951167722541073,10907434497367798719
15371951379388096524,10691192243929739828
15371951785077952594,10546443563979146113
15371951785841320033,10546443563662860077
15371952319780409432,10907434497466506094
15371952433009844288,10546443563715164373
15371953474514243649,10546172455171890636
15371953638436036695,10546172455171890636
15371954177638977585,10546172455186920100
15371955490439352353,10546050787360553013
15371956194734297168,10546172455186920100
15371956671827992582,10546443563729996319
15371957028163473460,10546443563715469044
15371957287446958092,10546443563743487066
15371958350266814533,10546443563729996319
15371958511818821636,10691192243954753254
15371958981895446605,10546443563676302470
15371959142512119839,10546443563765086404
15371959396229767198,10545511425559720956
15371961610935521284,10545055918000198357
15371962615173533736,10546172455175386104
15371964054771912722,10907434497318133634
15371965824608817196,10907434497318133634
15371966005706281019,10907434497318133634
15371967600699428904,10546443563984091262
15371968401819881496,10546050787360553543
15371968533562974212,10907434497374945139
15371968661724123189,10546443563880993145
15371969061097361425,10907434497318133634
15371969062192074791,10546050787360553543
15371969121054941253,10691192243941357725
15371969471677780018,10546443563813397146
15371969517475385395,10907434497318133634
15371969603219542074,10546050787360553543
15371969890172850181,10546050787360553543
15371970462384971833,10546050787360553543
15371971098790912063,10546443563871372154
15371971933998473301,10546443563834124041
15371974029925736528,10546050787360553543
15371974096472559634,10546443563744148004
15371974409950646293,10546050787360553543
15371974739220291601,10546050787360553543
15371975001414619152,10546050787360553543
15371975376028880904,10546050787360553543
15371975663292571737,10546050787360553543
15371976365851074625,10546443563759657025
15371978592779030604,10546443563759657025
15371978868344803418,10546050787360553543
15371979905264832609,10907434497474975182
15371979918476894272,10546443564046436133
15371980319569793120,10546172455171341737
15371980890125164580,10546443563759657025
15371982489585242134,10546443563961781671
15371983011285356570,10907434497474975182
15371984418650509403,10545511425557378480
15371984559918866511,10907434497319604038